00000000
00000000
00000000
00000000
00000000
00000000
00000000
00000000
-----------------------
00000000
00000000
00000000
00000000
00000000
00000000
00000000
00000000
-----------------------
00000000
00000000
00000000
00000000
00000000
00000000
00000000
00000000
-----------------------
00000000
00000000
00000000
00000000
00000000
00000000
00000000
00000000
-----------------------
00000000
00000000
00000000
00000000
00000000
00000000
00000000
00000000
-----------------------
11110111
00011100
00101010
01001001
10001000
00001000
00001000
00001000
-----------------------
11110111
00011100
00101010
01001001
10001000
00001000
00001000
00001000
-----------------------
11110111
00011100
00101010
01001001
10001000
00001000
00001000
00001000
-----------------------
11110111
00011100
00101010
01001001
10001000
00001000
00001000
00001000
-----------------------
11110111
00011100
00101010
01001001
10001000
00001000
00001000
00001000
-----------------------
11110111
00011100
00101010
01001001
10001000
00001000
00001000
00001000
-----------------------
11110111
00011100
00101010
01001001
10001000
00001000
00001000
00001000
-----------------------
11110111
00011100
00101010
01001001
10001000
00001000
00001000
00001000
-----------------------
11110111
00011100
00101010
01001001
10001000
00001000
00001000
00001000
-----------------------
11110111
00011100
00101010
01001001
10001000
00001000
00001000
00001000
-----------------------
11110111
00011100
00101010
01001001
10001000
00001000
00001000
00001000
-----------------------
11110111
00011100
00101010
01001001
10001000
00001000
00001000
00001000
-----------------------
11110111
00011100
00101010
01001001
10001000
00001000
00001000
00001000
-----------------------
11110111
00011100
00101010
01001001
10001000
00001000
00001000
00001000
-----------------------
11110111
00011100
00101010
01001001
10001000
00001000
00001000
00001000
-----------------------
11110111
00011100
00101010
01001001
10001000
00001000
00001000
00001000
-----------------------
11110111
00011100
00101010
01001001
10001000
00001000
00001000
00001000
-----------------------
11110111
00011100
00101010
01001001
10001000
00001000
00001000
00001000
-----------------------
11110111
00011100
00101010
01001001
10001000
00001000
00001000
00001000
-----------------------
11110111
00011100
00101010
01001001
10001000
00001000
00001000
00001000
-----------------------
11110111
00011100
00101010
01001001
10001000
00001000
00001000
00001000
-----------------------
11110111
00011100
00101010
01001001
10001000
00001000
00001000
00001000
-----------------------
11110111
11111100
11111010
11011111
11111000
11111000
00101100
00101010
-----------------------
11110111
11111100
11111010
11011111
11111000
11111000
00101100
00101010
-----------------------
11110111
11111100
11111010
11011111
11111000
11111000
00101100
00101010
-----------------------
11110111
11111100
11111010
11011111
11111000
11111000
00101100
00101010
-----------------------
11110111
11111100
11111010
11011111
11111000
11111000
00101100
00101010
-----------------------
11110111
11111100
11111010
11011111
11111000
11111000
00101100
00101010
-----------------------
11110111
11111100
11111010
11011111
11111000
11111000
00101100
00101010
-----------------------
11110111
11111100
11111010
11011111
11111000
11111000
00101100
00101010
-----------------------
11110111
11111100
11111010
11011111
11111000
11111000
00101100
00101010
-----------------------
11110111
11111100
11111010
11011111
11111000
11111000
00101100
00101010
-----------------------
11110111
11111100
11111010
11011111
11111000
11111000
00101100
00101010
-----------------------
11110111
11111100
11111010
11011111
11111000
11111000
00101100
00101010
-----------------------
11110111
11111110
11111010
11011111
11111101
11111111
00101110
00111010
-----------------------
11110111
11111110
11111010
11011111
11111101
11111111
00101110
00111010
-----------------------
11110111
11111110
11111010
11011111
11111101
11111111
00101110
00111010
-----------------------
11110111
11111110
11111010
11011111
11111101
11111111
00101110
00111010
-----------------------
11110111
11111110
11111010
11011111
11111101
11111111
00101110
00111010
-----------------------
11110111
11111110
11111010
11011111
11111101
11111111
00101110
00111010
-----------------------
11110111
11111110
11111010
11011111
11111101
11111111
00101110
00111010
-----------------------
11110111
11111110
11111010
11011111
11111101
11111111
00101110
00111010
-----------------------
11110111
11111110
11111010
11011111
11111101
11111111
00101110
00111010
-----------------------
11110111
11111110
11111010
11011111
11111101
11111111
00101110
00111010
-----------------------
11110111
11111110
11111010
11011111
11111101
11111111
00101110
00111010
-----------------------
11110111
11111110
11111010
11011111
11111101
11111111
00101110
00111010
-----------------------
11110111
11111110
11111010
11011111
11111101
11111111
00101110
00111010
-----------------------
11110111
11111110
11111010
11011111
11111101
11111111
00101110
00111010
-----------------------
11110111
11111110
11111010
11011111
11111101
11111111
00101110
00111010
-----------------------
11110111
11111110
11111010
11011111
11111101
11111111
00101110
00111010
-----------------------
11110111
11111110
11111010
11011111
11111101
11111111
00101110
00111010
-----------------------
11110111
11111110
11111010
11011111
11111101
11111111
00101110
00111010
-----------------------
11110111
11111110
11111010
11011111
11111101
11111111
00101110
00111010
-----------------------
11110111
11111111
11111010
11011111
11111101
11111111
11111111
10111111
-----------------------
11110111
11111111
11111010
11011111
11111101
11111111
11111111
10111111
-----------------------
11110111
11111111
11111010
11011111
11111101
11111111
11111111
10111111
-----------------------
11110111
11111111
11111010
11011111
11111101
11111111
11111111
10111111
-----------------------
11110111
11111111
11111010
11011111
11111101
11111111
11111111
10111111
-----------------------
11110111
11111111
11111010
11011111
11111101
11111111
11111111
10111111
-----------------------
....Q...
........
.....00000000
00000000
00000000
00000000
00000000
00000000
00000000
00000000
-----------------------
00000000
00000000
00000000
00000000
00000000
00000000
00000000
00000000
-----------------------
00000000
00000000
00000000
00000000
00000000
00000000
00000000
00000000
-----------------------
00000000
00000000
00000000
00000000
00000000
00000000
00000000
00000000
-----------------------
00000000
00000000
00000000
00000000
00000000
00000000
00000000
00000000
-----------------------
11110111
00011100
00101010
01001001
10001000
00001000
00001000
00001000
-----------------------
11110111
00011100
00101010
01001001
10001000
00001000
00001000
00001000
-----------------------
11110111
00011100
00101010
01001001
10001000
00001000
00001000
00001000
-----------------------
11110111
00011100
00101010
01001001
10001000
00001000
00001000
00001000
-----------------------
11110111
00011100
00101010
01001001
10001000
00001000
00001000
00001000
-----------------------
11110111
00011100
00101010
01001001
10001000
00001000
00001000
00001000
-----------------------
11110111
00011100
00101010
01001001
10001000
00001000
00001000
00001000
-----------------------
11110111
00011100
00101010
01001001
10001000
00001000
00001000
00001000
-----------------------
11110111
00011100
00101010
01001001
10001000
00001000
00001000
00001000
-----------------------
11110111
00011100
00101010
01001001
10001000
00001000
00001000
00001000
-----------------------
11110111
00011100
00101010
01001001
10001000
00001000
00001000
00001000
-----------------------
11110111
00011100
00101010
01001001
10001000
00001000
00001000
00001000
-----------------------
11110111
00011100
00101010
01001001
10001000
00001000
00001000
00001000
-----------------------
11110111
00011100
00101010
01001001
10001000
00001000
00001000
00001000
-----------------------
11110111
00011100
00101010
01001001
10001000
00001000
00001000
00001000
-----------------------
11110111
00011100
00101010
01001001
10001000
00001000
00001000
00001000
-----------------------
11110111
00011100
00101010
01001001
10001000
00001000
00001000
00001000
-----------------------
11111111
00011111
11111011
01011111
10011111
00101100
01001100
10001100
-----------------------
11111111
00011111
11111011
01011111
10011111
00101100
01001100
10001100
-----------------------
11111111
00011111
11111011
01011111
10011111
00101100
01001100
10001100
-----------------------
11111111
00011111
11111011
01011111
10011111
00101100
01001100
10001100
-----------------------
11111111
00011111
11111011
01011111
10011111
00101100
01001100
10001100
-----------------------
11111111
11111111
11111011
11011111
11111111
11111100
01101100
10101110
-----------------------
11111111
11111111
11111011
11011111
11111111
11111100
01101100
10101110
-----------------------
11111111
11111111
11111011
11011111
11111111
11111100
01101100
10101110
-----------------------
11111111
11111111
11111011
11011111
11111111
11111100
01101100
10101110
-----------------------
11111111
11111111
11111011
11011111
11111111
11111100
01101100
10101110
-----------------------
11111111
11111111
11111011
11011111
11111111
11111100
01101100
10101110
-----------------------
11111111
11111111
11111011
11011111
11111111
11111100
01101100
10101110
-----------------------
11111111
11111111
11111011
11011111
11111111
11111100
01101100
10101110
-----------------------
11111111
11111111
11111011
11011111
11111111
11111100
01101100
10101110
-----------------------
11111111
11111111
11111011
11011111
11111111
11111100
01101100
10101110
-----------------------
11111111
11111111
11111011
11011111
11111111
11111100
01101100
10101110
-----------------------
11111111
11111111
11111011
11011111
11111111
11111100
01101100
10101110
-----------------------
11111111
11111111
11111011
11011111
11111111
11111111
01101110
10111110
-----------------------
11111111
11111111
11111011
11011111
11111111
11111111
01101110
10111110
-----------------------
11111111
11111111
11111011
11011111
11111111
11111111
01101110
10111110
-----------------------
11111111
11111111
11111011
11011111
11111111
11111111
01101110
10111110
-----------------------
11111111
11111111
11111011
11011111
11111111
11111111
01101110
10111110
-----------------------
11111111
11111111
11111011
11011111
11111111
11111111
01101110
10111110
-----------------------
11111111
11111111
11111011
11011111
11111111
11111111
01101110
10111110
-----------------------
11111111
11111111
11111011
11011111
11111111
11111111
01101110
10111110
-----------------------
11111111
11111111
11111011
11011111
11111111
11111111
01101110
10111110
-----------------------
11111111
11111111
11111011
11011111
11111111
11111111
01101110
10111110
-----------------------
11111111
11111111
11111011
11011111
11111111
11111111
01101110
10111110
-----------------------
11111111
11111111
11111011
11011111
11111111
11111111
01101110
10111110
-----------------------
11111111
11111111
11111011
11011111
11111111
11111111
01101110
10111110
-----------------------
11111111
11111111
11111011
11011111
11111111
11111111
01101110
10111110
-----------------------
11111111
11111111
11111011
11011111
11111111
11111111
01101110
10111110
-----------------------
11111111
11111111
11111011
11011111
11111111
11111111
01101110
10111110
-----------------------
11111111
11111111
11111011
11011111
11111111
11111111
01101110
10111110
-----------------------
11111111
11111111
11111011
11011111
11111111
11111111
01101110
10111110
-----------------------
11111111
11111111
11111011
11011111
11111111
11111111
01101110
10111110
-----------------------
11111111
11111111
11111011
11011111
11111111
11111111
11111111
10111111
-----------------------
11111111
11111111
11111011
11011111
11111111
11111111
11111111
10111111
-----------------------
11111111
11111111
11111011
11011111
11111111
11111111
11111111
10111111
-----------------------
11111111
11111111
11111011
11011111
11111111
11111111
11111111
10111111
-----------------------
11111111
11111111
11111011
11011111
11111111
11111111
11111111
10111111
-----------------------
11111111
11111111
11111011
11011111
11111111
11111111
11111111
10111111
-----------------------
q.00000000
00000000
00000000
00000000
00000000
00000000
00000000
00000000
-----------------------
00000000
00000000
00000000
00000000
00000000
00000000
00000000
00000000
-----------------------
00000000
00000000
00000000
00000000
00000000
00000000
00000000
00000000
-----------------------
00000000
00000000
00000000
00000000
00000000
00000000
00000000
00000000
-----------------------
00000000
00000000
00000000
00000000
00000000
00000000
00000000
00000000
-----------------------
11110111
00011100
00101010
01001001
10001000
00001000
00001000
00001000
-----------------------
11110111
00011100
00101010
01001001
10001000
00001000
00001000
00001000
-----------------------
11110111
00011100
00101010
01001001
10001000
00001000
00001000
00001000
-----------------------
11110111
00011100
00101010
01001001
10001000
00001000
00001000
00001000
-----------------------
11110111
00011100
00101010
01001001
10001000
00001000
00001000
00001000
-----------------------
11110111
00011100
00101010
01001001
10001000
00001000
00001000
00001000
-----------------------
11110111
00011100
00101010
01001001
10001000
00001000
00001000
00001000
-----------------------
11110111
00011100
00101010
01001001
10001000
00001000
00001000
00001000
-----------------------
11110111
00011100
00101010
01001001
10001000
00001000
00001000
00001000
-----------------------
11110111
00011100
00101010
01001001
10001000
00001000
00001000
00001000
-----------------------
11110111
00011100
00101010
01001001
10001000
00001000
00001000
00001000
-----------------------
11110111
00011100
00101010
01001001
10001000
00001000
00001000
00001000
-----------------------
11110111
00011100
00101010
01001001
10001000
00001000
00001000
00001000
-----------------------
11110111
00011100
00101010
01001001
10001000
00001000
00001000
00001000
-----------------------
11110111
00011100
00101010
01001001
10001000
00001000
00001000
00001000
-----------------------
11110111
00011100
00101010
01001001
10001000
00001000
00001000
00001000
-----------------------
11110111
00011100
00101010
01001001
10001000
00001000
00001000
00001000
-----------------------
11110111
00011100
00101010
01001001
10001000
00001000
00001000
00001000
-----------------------
11110111
00011100
00101010
01001001
10001000
00001000
00001000
00001000
-----------------------
11110111
01011111
11111110
01001111
10001111
00001001
00011001
00101001
-----------------------
11110111
01011111
11111110
01001111
10001111
00001001
00011001
00101001
-----------------------
11110111
01011111
11111110
01001111
10001111
00001001
00011001
00101001
-----------------------
11110111
11111111
11111110
11011111
11111111
11111001
00111101
00101011
-----------------------
11110111
11111111
11111110
11011111
11111111
11111001
00111101
00101011
-----------------------
11110111
11111111
11111110
11011111
11111111
11111001
00111101
00101011
-----------------------
11110111
11111111
11111110
11011111
11111111
11111001
00111101
00101011
-----------------------
11110111
11111111
11111110
11011111
11111111
11111001
00111101
00101011
-----------------------
11110111
11111111
11111110
11011111
11111111
11111001
00111101
00101011
-----------------------
11110111
11111111
11111110
11011111
11111111
11111001
00111101
00101011
-----------------------
11110111
11111111
11111110
11011111
11111111
11111001
00111101
00101011
-----------------------
11110111
11111111
11111110
11011111
11111111
11111001
00111101
00101011
-----------------------
11110111
11111111
11111110
11011111
11111111
11111001
00111101
00101011
-----------------------
11110111
11111111
11111110
11011111
11111111
11111001
00111101
00101011
-----------------------
11110111
11111111
11111110
11011111
11111111
11111001
00111101
00101011
-----------------------
11110111
11111111
11111110
11011111
11111111
11111111
00111111
00111011
-----------------------
11110111
11111111
11111110
11011111
11111111
11111111
00111111
00111011
-----------------------
11110111
11111111
11111110
11011111
11111111
11111111
00111111
00111011
-----------------------
11110111
11111111
11111110
11011111
11111111
11111111
00111111
00111011
-----------------------
11110111
11111111
11111110
11011111
11111111
11111111
00111111
00111011
-----------------------
11110111
11111111
11111110
11011111
11111111
11111111
00111111
00111011
-----------------------
11110111
11111111
11111110
11011111
11111111
11111111
00111111
00111011
-----------------------
11110111
11111111
11111110
11011111
11111111
11111111
00111111
00111011
-----------------------
11110111
11111111
11111110
11011111
11111111
11111111
00111111
00111011
-----------------------
11110111
11111111
11111110
11011111
11111111
11111111
00111111
00111011
-----------------------
11110111
11111111
11111110
11011111
11111111
11111111
00111111
00111011
-----------------------
11110111
11111111
11111110
11011111
11111111
11111111
00111111
00111011
-----------------------
11110111
11111111
11111110
11011111
11111111
11111111
00111111
00111011
-----------------------
11110111
11111111
11111110
11011111
11111111
11111111
00111111
00111011
-----------------------
11110111
11111111
11111110
11011111
11111111
11111111
00111111
00111011
-----------------------
11110111
11111111
11111110
11011111
11111111
11111111
00111111
00111011
-----------------------
11110111
11111111
11111110
11011111
11111111
11111111
00111111
00111011
-----------------------
11110111
11111111
11111110
11011111
11111111
11111111
00111111
00111011
-----------------------
11110111
11111111
11111110
11011111
11111111
11111111
00111111
00111011
-----------------------
11110111
11111111
11111110
11011111
11111111
11111111
11111111
10111111
-----------------------
11110111
11111111
11111110
11011111
11111111
11111111
11111111
10111111
-----------------------
11110111
11111111
11111110
11011111
11111111
11111111
11111111
10111111
-----------------------
11110111
11111111
11111110
11011111
11111111
11111111
11111111
10111111
-----------------------
11110111
11111111
11111110
11011111
11111111
11111111
11111111
10111111
-----------------------
11110111
11111111
11111110
11011111
11111111
11111111
11111111
10111111
-----------------------
q
..W.....
......Q.
........
........
.W......
